[
  {
    "caseId": "case_login_001",
    "vector": [
      0.06834139083142375,
      0.08786130468242373,
      0.06834139083142375,
      0.10335513195269291,
      0.07686825928791866,
      0.10335513195269291,
      0.20671026390538583,
      0.20671026390538583,
      0.10335513195269291,
      0.07686825928791866,
      0.07686825928791866,
      0.10335513195269291,
      0.0613744320176495,
      0.07686825928791866,
      0.06834139083142375,
      0.273365563325695,
      0.20502417249427124,
      0.1366827816628475,
      0.1366827816628475,
      0.1537365185758373,
      0.17572260936484746,
      0.03821247984212723,
      0.03821247984212723,
      0.08786130468242373,
      0.08786130468242373,
      0.08786130468242373,
      0.06834139083142375,
      0.10335513195269291,
      0.07686825928791866,
      0.08786130468242373,
      0.1537365185758373,
      0.10335513195269291,
      0.10335513195269291,
      0.055483952272100186,
      0.055483952272100186,
      0.03821247984212723,
      0.03821247984212723,
      0.03821247984212723,
      0.03821247984212723,
      0.03821247984212723,
      0.03821247984212723,
      0.03821247984212723,
      0.03821247984212723,
      0.03821247984212723,
      0.03821247984212723,
      0.07642495968425446,
      0.07642495968425446,
      0.122748864035299,
      0.122748864035299,
      0.08786130468242373,
      0.08786130468242373,
      0.10335513195269291,
      0.10335513195269291,
      0.20502417249427124,
      0.06834139083142375,
      0.1366827816628475,
      0.10335513195269291,
      0.20671026390538583,
      0.10335513195269291,
      0.03821247984212723,
      0.08786130468242373,
      0.08786130468242373,
      0.08786130468242373,
      0.10335513195269291,
      0.08786130468242373,
      0.10335513195269291,
      0.10335513195269291,
      0.10335513195269291,
      0.10335513195269291,
      0.10335513195269291,
      0.08786130468242373,
      0.10335513195269291,
      0.10335513195269291,
      0.10335513195269291,
      0.10335513195269291,
      0.10335513195269291,
      0.055483952272100186,
      0.10335513195269291,
      0.03821247984212723,
      0.04185451816664952,
      0.03821247984212723,
      0.03821247984212723,
      0.03821247984212723,
      0.03821247984212723,
      0.03821247984212723,
      0.03821247984212723,
      0.03821247984212723,
      0.03821247984212723,
      0.07642495968425446,
      0.122748864035299,
      0.122748864035299,
      0.08786130468242373,
      0.08786130468242373,
      0.08786130468242373,
      0.10335513195269291,
      0.10335513195269291,
      0.10335513195269291,
      0.08786130468242373,
      0,
      0,
      0,
      0,
      0,
      0,
      0,
      0,
      0,
      0,
      0,
      0,
      0,
      0,
      0,
      0,
      0,
      0,
      0,
      0,
      0,
      0,
      0,
      0,
      0,
      0,
      0,
      0,
      0,
      0,
      0,
      0,
      0,
      0,
      0,
      0,
      0,
      0,
      0,
      0,
      0,
      0,
      0,
      0,
      0,
      0,
      0,
      0,
      0,
      0,
      0,
      0,
      0,
      0,
      0,
      0,
      0,
      0,
      0,
      0,
      0,
      0,
      0,
      0,
      0,
      0,
      0,
      0,
      0,
      0,
      0,
      0,
      0,
      0,
      0,
      0,
      0,
      0,
      0,
      0,
      0,
      0,
      0,
      0,
      0,
      0,
      0,
      0,
      0,
      0,
      0,
      0,
      0,
      0,
      0,
      0,
      0,
      0,
      0,
      0,
      0,
      0,
      0,
      0,
      0,
      0,
      0,
      0,
      0,
      0,
      0,
      0,
      0,
      0,
      0,
      0,
      0,
      0,
      0,
      0,
      0,
      0,
      0,
      0,
      0,
      0,
      0,
      0,
      0,
      0,
      0,
      0,
      0,
      0,
      0,
      0,
      0,
      0,
      0,
      0,
      0,
      0,
      0,
      0,
      0,
      0,
      0,
      0,
      0,
      0,
      0,
      0,
      0,
      0,
      0,
      0,
      0,
      0,
      0,
      0,
      0,
      0,
      0,
      0,
      0,
      0,
      0,
      0,
      0,
      0,
      0,
      0,
      0,
      0,
      0,
      0,
      0,
      0,
      0,
      0,
      0,
      0,
      0,
      0,
      0,
      0,
      0,
      0,
      0,
      0,
      0,
      0,
      0,
      0,
      0,
      0,
      0,
      0,
      0,
      0,
      0,
      0,
      0,
      0,
      0,
      0,
      0,
      0,
      0,
      0,
      0,
      0,
      0,
      0,
      0,
      0,
      0,
      0,
      0,
      0,
      0,
      0,
      0,
      0,
      0,
      0,
      0,
      0,
      0,
      0,
      0,
      0,
      0,
      0,
      0,
      0,
      0,
      0,
      0,
      0,
      0,
      0,
      0,
      0,
      0,
      0,
      0,
      0,
      0,
      0,
      0,
      0,
      0,
      0,
      0,
      0,
      0,
      0,
      0,
      0,
      0,
      0,
      0,
      0,
      0,
      0,
      0,
      0,
      0,
      0,
      0,
      0,
      0,
      0,
      0,
      0,
      0,
      0,
      0,
      0,
      0,
      0,
      0,
      0,
      0,
      0,
      0,
      0,
      0,
      0,
      0,
      0,
      0,
      0,
      0,
      0,
      0,
      0,
      0,
      0,
      0,
      0,
      0,
      0,
      0,
      0,
      0,
      0,
      0,
      0,
      0,
      0,
      0,
      0,
      0,
      0,
      0,
      0,
      0,
      0,
      0,
      0,
      0,
      0,
      0,
      0,
      0,
      0,
      0,
      0,
      0,
      0,
      0,
      0,
      0,
      0,
      0,
      0,
      0,
      0,
      0,
      0,
      0,
      0,
      0,
      0,
      0,
      0,
      0,
      0,
      0,
      0,
      0,
      0,
      0,
      0,
      0,
      0,
      0,
      0,
      0,
      0,
      0,
      0,
      0,
      0,
      0,
      0,
      0,
      0,
      0,
      0,
      0,
      0,
      0,
      0,
      0,
      0,
      0,
      0,
      0,
      0,
      0,
      0,
      0,
      0,
      0,
      0,
      0,
      0,
      0,
      0,
      0,
      0,
      0,
      0,
      0,
      0,
      0,
      0,
      0,
      0,
      0,
      0,
      0,
      0,
      0,
      0,
      0,
      0,
      0,
      0,
      0,
      0,
      0,
      0,
      0,
      0,
      0,
      0,
      0,
      0,
      0,
      0,
      0,
      0,
      0,
      0,
      0,
      0,
      0,
      0,
      0,
      0,
      0,
      0,
      0,
      0,
      0,
      0,
      0,
      0,
      0,
      0,
      0,
      0,
      0,
      0,
      0
    ],
    "text": "用户登录成功 | 验证用户使用正确的用户名和密码可以成功登录系统 | 输入: {\"username\":\"testuser\",\"password\":\"correctpassword\"} | 期望: {\"status\":\"success\",\"token\":\"jwt_token_here\"} | 标签: login auth positive | 类别: function | 领域: authentication | 断言: 返回HTTP 200状态码 | 断言: 返回JWT令牌",
    "name": "用户登录成功",
    "category": "function",
    "tags": [
      "login",
      "auth",
      "positive"
    ],
    "domain": "authentication"
  },
  {
    "caseId": "case_login_002",
    "vector": [
      0.06042909768795076,
      0.07768907391337003,
      0.06042909768795076,
      0,
      0.06796875938726919,
      0,
      0,
      0,
      0,
      0.06796875938726919,
      0.06796875938726919,
      0,
      0.05426874552619885,
      0.13593751877453839,
      0.06042909768795076,
      0.18128729306385227,
      0.12085819537590152,
      0.12085819537590152,
      0.12085819537590152,
      0,
      0,
      0.033788391620162894,
      0.10136517486048868,
      0.07768907391337003,
      0,
      0,
      0.06042909768795076,
      0,
      0,
      0.15537814782674006,
      0.13593751877453839,
      0,
      0,
      0.0490602419876811,
      0.0490602419876811,
      0.033788391620162894,
      0.033788391620162894,
      0.033788391620162894,
      0.033788391620162894,
      0.033788391620162894,
      0.033788391620162894,
      0.033788391620162894,
      0.033788391620162894,
      0.033788391620162894,
      0.033788391620162894,
      0.06757678324032579,
      0.06757678324032579,
      0.16280623657859655,
      0.16280623657859655,
      0,
      0,
      0,
      0,
      0.12085819537590152,
      0.06042909768795076,
      0.12085819537590152,
      0,
      0,
      0,
      0.033788391620162894,
      0.07768907391337003,
      0.07768907391337003,
      0.07768907391337003,
      0,
      0,
      0,
      0,
      0,
      0,
      0,
      0.15537814782674006,
      0,
      0,
      0,
      0,
      0,
      0.0490602419876811,
      0,
      0.033788391620162894,
      0.03700876930077957,
      0.033788391620162894,
      0.033788391620162894,
      0.033788391620162894,
      0.033788391620162894,
      0.033788391620162894,
      0.033788391620162894,
      0.033788391620162894,
      0.033788391620162894,
      0.06757678324032579,
      0.1085374910523977,
      0.16280623657859655,
      0,
      0,
      0,
      0,
      0,
      0,
      0,
      0.0913890877744404,
      0.0913890877744404,
      0.0913890877744404,
      0.0913890877744404,
      0.07768907391337003,
      0.05426874552619885,
      0.15537814782674006,
      0.15537814782674006,
      0.2330672217401101,
      0.2330672217401101,
      0.05426874552619885,
      0.1827781755488808,
      0.0913890877744404,
      0.0913890877744404,
      0.0913890877744404,
      0.0913890877744404,
      0.0913890877744404,
      0.07768907391337003,
      0.15537814782674006,
      0.0913890877744404,
      0.2330672217401101,
      0.0913890877744404,
      0.0913890877744404,
      0.0913890877744404,
      0.0913890877744404,
      0.0913890877744404,
      0.0913890877744404,
      0.0913890877744404,
      0.0913890877744404,
      0.0913890877744404,
      0.1827781755488808,
      0.1827781755488808,
      0.0913890877744404,
      0.0913890877744404,
      0.0913890877744404,
      0.0913890877744404,
      0.0913890877744404,
      0.0913890877744404,
      0.0913890877744404,
      0.0913890877744404,
      0.0913890877744404,
      0.0913890877744404,
      0,
      0,
      0,
      0,
      0,
      0,
      0,
      0,
      0,
      0,
      0,
      0,
      0,
      0,
      0,
      0,
      0,
      0,
      0,
      0,
      0,
      0,
      0,
      0,
      0,
      0,
      0,
      0,
      0,
      0,
      0,
      0,
      0,
      0,
      0,
      0,
      0,
      0,
      0,
      0,
      0,
      0,
      0,
      0,
      0,
      0,
      0,
      0,
      0,
      0,
      0,
      0,
      0,
      0,
      0,
      0,
      0,
      0,
      0,
      0,
      0,
      0,
      0,
      0,
      0,
      0,
      0,
      0,
      0,
      0,
      0,
      0,
      0,
      0,
      0,
      0,
      0,
      0,
      0,
      0,
      0,
      0,
      0,
      0,
      0,
      0,
      0,
      0,
      0,
      0,
      0,
      0,
      0,
      0,
      0,
      0,
      0,
      0,
      0,
      0,
      0,
      0,
      0,
      0,
      0,
      0,
      0,
      0,
      0,
      0,
      0,
      0,
      0,
      0,
      0,
      0,
      0,
      0,
      0,
      0,
      0,
      0,
      0,
      0,
      0,
      0,
      0,
      0,
      0,
      0,
      0,
      0,
      0,
      0,
      0,
      0,
      0,
      0,
      0,
      0,
      0,
      0,
      0,
      0,
      0,
      0,
      0,
      0,
      0,
      0,
      0,
      0,
      0,
      0,
      0,
      0,
      0,
      0,
      0,
      0,
      0,
      0,
      0,
      0,
      0,
      0,
      0,
      0,
      0,
      0,
      0,
      0,
      0,
      0,
      0,
      0,
      0,
      0,
      0,
      0,
      0,
      0,
      0,
      0,
      0,
      0,
      0,
      0,
      0,
      0,
      0,
      0,
      0,
      0,
      0,
      0,
      0,
      0,
      0,
      0,
      0,
      0,
      0,
      0,
      0,
      0,
      0,
      0,
      0,
      0,
      0,
      0,
      0,
      0,
      0,
      0,
      0,
      0,
      0,
      0,
      0,
      0,
      0,
      0,
      0,
      0,
      0,
      0,
      0,
      0,
      0,
      0,
      0,
      0,
      0,
      0,
      0,
      0,
      0,
      0,
      0,
      0,
      0,
      0,
      0,
      0,
      0,
      0,
      0,
      0,
      0,
      0,
      0,
      0,
      0,
      0,
      0,
      0,
      0,
      0,
      0,
      0,
      0,
      0,
      0,
      0,
      0,
      0,
      0,
      0,
      0,
      0,
      0,
      0,
      0,
      0,
      0,
      0,
      0,
      0,
      0,
      0,
      0,
      0,
      0,
      0,
      0,
      0,
      0,
      0,
      0,
      0,
      0,
      0,
      0,
      0,
      0,
      0,
      0,
      0,
      0,
      0,
      0,
      0,
      0,
      0,
      0,
      0,
      0,
      0,
      0,
      0,
      0,
      0,
      0,
      0,
      0,
      0,
      0,
      0,
      0,
      0,
      0,
      0,
      0,
      0,
      0,
      0,
      0,
      0,
      0,
      0,
      0,
      0,
      0,
      0,
      0,
      0,
      0,
      0,
      0,
      0,
      0,
      0,
      0,
      0,
      0,
      0,
      0,
      0,
      0,
      0,
      0,
      0,
      0,
      0,
      0,
      0,
      0,
      0,
      0,
      0,
      0,
      0,
      0,
      0,
      0,
      0,
      0,
      0,
      0,
      0,
      0,
      0,
      0,
      0,
      0,
      0,
      0,
      0,
      0,
      0,
      0,
      0,
      0,
      0,
      0,
      0,
      0,
      0,
      0,
      0,
      0,
      0,
      0,
      0,
      0,
      0,
      0,
      0,
      0,
      0,
      0,
      0,
      0,
      0,
      0
    ],
    "text": "用户登录失败-错误密码 | 验证用户使用错误的密码登录时系统返回认证失败 | 输入: {\"username\":\"testuser\",\"password\":\"wrongpassword\"} | 期望: {\"status\":\"error\",\"message\":\"Authentication failed\"} | 标签: login auth negative security | 类别: function | 领域: authentication | 断言: 返回HTTP 401未授权 | 断言: 返回认证错误信息",
    "name": "用户登录失败-错误密码",
    "category": "function",
    "tags": [
      "login",
      "auth",
      "negative",
      "security"
    ],
    "domain": "authentication"
  },
  {
    "caseId": "case_login_003",
    "vector": [
      0.06239201784254824,
      0,
      0.06239201784254824,
      0,
      0.07017659059423523,
      0,
      0,
      0,
      0,
      0.07017659059423523,
      0.07017659059423523,
      0,
      0.05603155878063766,
      0.07017659059423523,
      0.06239201784254824,
      0.06239201784254824,
      0.1871760535276447,
      0.12478403568509648,
      0.12478403568509648,
      0,
      0,
      0.03488594093730047,
      0.03488594093730047,
      0,
      0,
      0,
      0,
      0,
      0,
      0,
      0,
      0,
      0,
      0,
      0,
      0.03488594093730047,
      0.03488594093730047,
      0.03488594093730047,
      0.03488594093730047,
      0.03488594093730047,
      0.03488594093730047,
      0.03488594093730047,
      0.03488594093730047,
      0.03488594093730047,
      0.03488594093730047,
      0.06977188187460094,
      0.06977188187460094,
      0.11206311756127532,
      0.11206311756127532,
      0,
      0,
      0,
      0,
      0.06239201784254824,
      0.06239201784254824,
      0.12478403568509648,
      0,
      0,
      0,
      0.03488594093730047,
      0,
      0,
      0,
      0,
      0,
      0,
      0,
      0,
      0,
      0,
      0,
      0,
      0,
      0,
      0,
      0,
      0,
      0,
      0.03488594093730047,
      0.038210926240677644,
      0.03488594093730047,
      0.03488594093730047,
      0.03488594093730047,
      0.03488594093730047,
      0.03488594093730047,
      0.03488594093730047,
      0.03488594093730047,
      0.03488594093730047,
      0.06977188187460094,
      0.11206311756127532,
      0.11206311756127532,
      0,
      0,
      0,
      0,
      0,
      0,
      0,
      0,
      0,
      0,
      0,
      0.08021265038250824,
      0.05603155878063766,
      0.1604253007650165,
      0.1604253007650165,
      0,
      0,
      0.11206311756127532,
      0,
      0,
      0,
      0,
      0,
      0,
      0.1604253007650165,
      0.1604253007650165,
      0,
      0,
      0,
      0,
      0,
      0,
      0,
      0,
      0,
      0,
      0,
      0,
      0,
      0,
      0,
      0,
      0,
      0,
      0,
      0,
      0,
      0,
      0,
      0.09435768219610584,
      0.09435768219610584,
      0.09435768219610584,
      0.18871536439221168,
      0.09435768219610584,
      0.09435768219610584,
      0.18871536439221168,
      0.2830730465883175,
      0.24063795114752473,
      0.08021265038250824,
      0.09435768219610584,
      0.09435768219610584,
      0.09435768219610584,
      0.09435768219610584,
      0.06239201784254824,
      0.09435768219610584,
      0.08021265038250824,
      0.09435768219610584,
      0.09435768219610584,
      0.18871536439221168,
      0.09435768219610584,
      0.2830730465883175,
      0.09435768219610584,
      0.09435768219610584,
      0.09435768219610584,
      0.09435768219610584,
      0.09435768219610584,
      0.09435768219610584,
      0.09435768219610584,
      0.09435768219610584,
      0.09435768219610584,
      0.09435768219610584,
      0.09435768219610584,
      0.09435768219610584,
      0.09435768219610584,
      0.08021265038250824,
      0.09435768219610584,
      0.09435768219610584,
      0.08021265038250824,
      0.09435768219610584,
      0.08021265038250824,
      0.1604253007650165,
      0.09435768219610584,
      0,
      0,
      0,
      0,
      0,
      0,
      0,
      0,
      0,
      0,
      0,
      0,
      0,
      0,
      0,
      0,
      0,
      0,
      0,
      0,
      0,
      0,
      0,
      0,
      0,
      0,
      0,
      0,
      0,
      0,
      0,
      0,
      0,
      0,
      0,
      0,
      0,
      0,
      0,
      0,
      0,
      0,
      0,
      0,
      0,
      0,
      0,
      0,
      0,
      0,
      0,
      0,
      0,
      0,
      0,
      0,
      0,
      0,
      0,
      0,
      0,
      0,
      0,
      0,
      0,
      0,
      0,
      0,
      0,
      0,
      0,
      0,
      0,
      0,
      0,
      0,
      0,
      0,
      0,
      0,
      0,
      0,
      0,
      0,
      0,
      0,
      0,
      0,
      0,
      0,
      0,
      0,
      0,
      0,
      0,
      0,
      0,
      0,
      0,
      0,
      0,
      0,
      0,
      0,
      0,
      0,
      0,
      0,
      0,
      0,
      0,
      0,
      0,
      0,
      0,
      0,
      0,
      0,
      0,
      0,
      0,
      0,
      0,
      0,
      0,
      0,
      0,
      0,
      0,
      0,
      0,
      0,
      0,
      0,
      0,
      0,
      0,
      0,
      0,
      0,
      0,
      0,
      0,
      0,
      0,
      0,
      0,
      0,
      0,
      0,
      0,
      0,
      0,
      0,
      0,
      0,
      0,
      0,
      0,
      0,
      0,
      0,
      0,
      0,
      0,
      0,
      0,
      0,
      0,
      0,
      0,
      0,
      0,
      0,
      0,
      0,
      0,
      0,
      0,
      0,
      0,
      0,
      0,
      0,
      0,
      0,
      0,
      0,
      0,
      0,
      0,
      0,
      0,
      0,
      0,
      0,
      0,
      0,
      0,
      0,
      0,
      0,
      0,
      0,
      0,
      0,
      0,
      0,
      0,
      0,
      0,
      0,
      0,
      0,
      0,
      0,
      0,
      0,
      0,
      0,
      0,
      0,
      0,
      0,
      0,
      0,
      0,
      0,
      0,
      0,
      0,
      0,
      0,
      0,
      0,
      0,
      0,
      0,
      0,
      0,
      0,
      0,
      0,
      0,
      0,
      0,
      0,
      0,
      0,
      0,
      0,
      0,
      0,
      0,
      0,
      0,
      0,
      0,
      0,
      0,
      0,
      0,
      0,
      0,
      0,
      0,
      0,
      0,
      0,
      0,
      0,
      0,
      0,
      0,
      0,
      0,
      0,
      0,
      0,
      0,
      0,
      0,
      0,
      0,
      0,
      0,
      0,
      0,
      0,
      0,
      0,
      0,
      0,
      0,
      0,
      0,
      0,
      0,
      0,
      0,
      0,
      0,
      0,
      0,
      0,
      0,
      0,
      0,
      0,
      0,
      0,
      0,
      0,
      0,
      0,
      0,
      0,
      0,
      0,
      0,
      0,
      0,
      0,
      0,
      0,
      0,
      0,
      0,
      0,
      0,
      0,
      0,
      0,
      0,
      0,
      0,
      0,
      0,
      0,
      0,
      0,
      0,
      0,
      0,
      0,
      0,
      0,
      0,
      0,
      0,
      0,
      0,
      0,
      0,
      0,
      0,
      0,
      0,
      0,
      0,
      0,
      0,
      0,
      0
    ],
    "text": "用户登录失败-账户锁定 | 验证连续多次登录失败后账户被暂时锁定 | 输入: {\"username\":\"lockeduser\",\"password\":\"anypassword\",\"attempts\":5} | 期望: {\"status\":\"locked\",\"lockDuration\":300} | 标签: login auth negative security lockout | 类别: function | 领域: authentication | 断言: 返回HTTP 423 Locked | 断言: 返回锁定时间300秒",
    "name": "用户登录失败-账户锁定",
    "category": "function",
    "tags": [
      "login",
      "auth",
      "negative",
      "security",
      "lockout"
    ],
    "domain": "authentication"
  },
  {
    "caseId": "case_api_001",
    "vector": [
      0,
      0,
      0,
      0,
      0,
      0,
      0,
      0,
      0,
      0,
      0,
      0,
      0,
      0,
      0,
      0,
      0,
      0,
      0,
      0,
      0,
      0.03085590446153085,
      0.03085590446153085,
      0,
      0,
      0,
      0.05518446944492158,
      0,
      0.06206976554547954,
      0,
      0,
      0,
      0,
      0,
      0,
      0.03085590446153085,
      0.03085590446153085,
      0.03085590446153085,
      0.03085590446153085,
      0.03085590446153085,
      0.03085590446153085,
      0.03085590446153085,
      0.03085590446153085,
      0.03085590446153085,
      0.03085590446153085,
      0.0617118089230617,
      0.0617118089230617,
      0,
      0,
      0,
      0,
      0,
      0,
      0,
      0,
      0,
      0,
      0,
      0,
      0.03085590446153085,
      0,
      0,
      0,
      0,
      0,
      0,
      0,
      0,
      0,
      0,
      0,
      0,
      0,
      0,
      0,
      0,
      0,
      0,
      0.03085590446153085,
      0.033796786263784434,
      0.03085590446153085,
      0.03085590446153085,
      0.03085590446153085,
      0.03085590446153085,
      0.03085590446153085,
      0.03085590446153085,
      0.03085590446153085,
      0.03085590446153085,
      0.0617118089230617,
      0,
      0,
      0,
      0,
      0,
      0,
      0,
      0,
      0.07094645608834688,
      0,
      0,
      0,
      0,
      0,
      0,
      0,
      0,
      0.07094645608834688,
      0.07094645608834688,
      0.09911754581441948,
      0,
      0,
      0,
      0,
      0,
      0,
      0,
      0,
      0,
      0.07094645608834688,
      0,
      0,
      0,
      0,
      0,
      0,
      0,
      0,
      0,
      0,
      0,
      0,
      0,
      0,
      0,
      0,
      0,
      0,
      0,
      0,
      0,
      0,
      0,
      0,
      0,
      0,
      0,
      0,
      0,
      0.07094645608834688,
      0,
      0,
      0,
      0,
      0,
      0,
      0,
      0.14189291217669375,
      0,
      0,
      0,
      0,
      0,
      0,
      0,
      0,
      0,
      0,
      0,
      0,
      0,
      0,
      0,
      0,
      0,
      0,
      0,
      0,
      0,
      0.14189291217669375,
      0,
      0,
      0.07094645608834688,
      0,
      0.3547322804417344,
      0.07094645608834688,
      0.07094645608834688,
      0.08345744872661669,
      0.08345744872661669,
      0.08345744872661669,
      0.08345744872661669,
      0.08345744872661669,
      0.08345744872661669,
      0.25037234617985005,
      0.08345744872661669,
      0.08345744872661669,
      0.08345744872661669,
      0.14189291217669375,
      0.08345744872661669,
      0.08345744872661669,
      0.14189291217669375,
      0.16691489745323337,
      0.16691489745323337,
      0.05518446944492158,
      0.04955877290720974,
      0.05518446944492158,
      0.06206976554547954,
      0.08345744872661669,
      0.08345744872661669,
      0.08345744872661669,
      0.08345744872661669,
      0.16691489745323337,
      0.16691489745323337,
      0.08345744872661669,
      0.05518446944492158,
      0.05518446944492158,
      0.16691489745323337,
      0.14189291217669375,
      0.07094645608834688,
      0.16691489745323337,
      0.08345744872661669,
      0.08345744872661669,
      0.08345744872661669,
      0.05518446944492158,
      0.06206976554547954,
      0.08345744872661669,
      0.08345744872661669,
      0.08345744872661669,
      0.08345744872661669,
      0.08345744872661669,
      0.08345744872661669,
      0.08345744872661669,
      0.08345744872661669,
      0.16691489745323337,
      0.16691489745323337,
      0.08345744872661669,
      0.08345744872661669,
      0.08345744872661669,
      0.08345744872661669,
      0.08345744872661669,
      0.06206976554547954,
      0.05518446944492158,
      0.08345744872661669,
      0.08345744872661669,
      0.16691489745323337,
      0.08345744872661669,
      0.08345744872661669,
      0.08345744872661669,
      0.08345744872661669,
      0.18620929663643862,
      0.08345744872661669,
      0.07094645608834688,
      0.08345744872661669,
      0.08345744872661669,
      0.08345744872661669,
      0,
      0,
      0,
      0,
      0,
      0,
      0,
      0,
      0,
      0,
      0,
      0,
      0,
      0,
      0,
      0,
      0,
      0,
      0,
      0,
      0,
      0,
      0,
      0,
      0,
      0,
      0,
      0,
      0,
      0,
      0,
      0,
      0,
      0,
      0,
      0,
      0,
      0,
      0,
      0,
      0,
      0,
      0,
      0,
      0,
      0,
      0,
      0,
      0,
      0,
      0,
      0,
      0,
      0,
      0,
      0,
      0,
      0,
      0,
      0,
      0,
      0,
      0,
      0,
      0,
      0,
      0,
      0,
      0,
      0,
      0,
      0,
      0,
      0,
      0,
      0,
      0,
      0,
      0,
      0,
      0,
      0,
      0,
      0,
      0,
      0,
      0,
      0,
      0,
      0,
      0,
      0,
      0,
      0,
      0,
      0,
      0,
      0,
      0,
      0,
      0,
      0,
      0,
      0,
      0,
      0,
      0,
      0,
      0,
      0,
      0,
      0,
      0,
      0,
      0,
      0,
      0,
      0,
      0,
      0,
      0,
      0,
      0,
      0,
      0,
      0,
      0,
      0,
      0,
      0,
      0,
      0,
      0,
      0,
      0,
      0,
      0,
      0,
      0,
      0,
      0,
      0,
      0,
      0,
      0,
      0,
      0,
      0,
      0,
      0,
      0,
      0,
      0,
      0,
      0,
      0,
      0,
      0,
      0,
      0,
      0,
      0,
      0,
      0,
      0,
      0,
      0,
      0,
      0,
      0,
      0,
      0,
      0,
      0,
      0,
      0,
      0,
      0,
      0,
      0,
      0,
      0,
      0,
      0,
      0,
      0,
      0,
      0,
      0,
      0,
      0,
      0,
      0,
      0,
      0,
      0,
      0,
      0,
      0,
      0,
      0,
      0,
      0,
      0,
      0,
      0,
      0,
      0,
      0,
      0,
      0,
      0,
      0,
      0,
      0,
      0,
      0,
      0,
      0,
      0,
      0,
      0,
      0,
      0,
      0,
      0,
      0,
      0,
      0,
      0,
      0,
      0,
      0,
      0,
      0,
      0,
      0,
      0,
      0,
      0,
      0,
      0,
      0,
      0,
      0,
      0,
      0,
      0,
      0,
      0,
      0,
      0,
      0,
      0,
      0,
      0,
      0,
      0,
      0,
      0,
      0,
      0,
      0,
      0,
      0,
      0,
      0,
      0,
      0,
      0,
      0,
      0,
      0,
      0,
      0,
      0,
      0,
      0,
      0,
      0,
      0,
      0,
      0,
      0,
      0,
      0,
      0,
      0,
      0,
      0,
      0,
      0,
      0
    ],
    "text": "API接口性能测试 | 验证API接口在高并发下的响应时间和稳定性 | 输入: {\"endpoint\":\"/api/v1/users\",\"method\":\"GET\",\"concurrency\":100,\"duration\":60} | 期望: {\"avgResponseTime\":\"< 200ms\",\"p99ResponseTime\":\"< 500ms\",\"errorRate\":\"< 1%\"} | 标签: api performance load stress | 类别: performance | 领域: api | 断言: 95%请求响应时间小于300ms | 断言: 错误率小于1%",
    "name": "API接口性能测试",
    "category": "performance",
    "tags": [
      "api",
      "performance",
      "load",
      "stress"
    ],
    "domain": "api"
  },
  {
    "caseId": "case_api_002",
    "vector": [
      0,
      0,
      0,
      0,
      0,
      0,
      0,
      0,
      0,
      0,
      0,
      0,
      0.05820369793934675,
      0,
      0.06481072879930119,
      0,
      0,
      0,
      0,
      0,
      0,
      0.03623834162090431,
      0.03623834162090431,
      0,
      0,
      0,
      0,
      0,
      0,
      0,
      0.07289708104232731,
      0,
      0,
      0,
      0,
      0.03623834162090431,
      0.03623834162090431,
      0.03623834162090431,
      0.03623834162090431,
      0.03623834162090431,
      0.03623834162090431,
      0.03623834162090431,
      0.03623834162090431,
      0.03623834162090431,
      0.03623834162090431,
      0.07247668324180861,
      0.07247668324180861,
      0.1164073958786935,
      0.1164073958786935,
      0.08332220226204468,
      0.08332220226204468,
      0,
      0,
      0,
      0,
      0,
      0,
      0,
      0,
      0.03623834162090431,
      0,
      0,
      0,
      0,
      0,
      0,
      0,
      0,
      0,
      0,
      0,
      0,
      0,
      0,
      0,
      0,
      0,
      0,
      0.03623834162090431,
      0.039692224476603255,
      0.03623834162090431,
      0.03623834162090431,
      0.03623834162090431,
      0.03623834162090431,
      0.03623834162090431,
      0.03623834162090431,
      0.03623834162090431,
      0.03623834162090431,
      0.07247668324180861,
      0.05820369793934675,
      0.1164073958786935,
      0.08332220226204468,
      0.08332220226204468,
      0.08332220226204468,
      0,
      0,
      0,
      0,
      0,
      0,
      0,
      0,
      0,
      0.05820369793934675,
      0,
      0,
      0,
      0,
      0.05820369793934675,
      0,
      0,
      0,
      0,
      0,
      0,
      0,
      0,
      0,
      0,
      0,
      0,
      0,
      0,
      0,
      0,
      0,
      0,
      0,
      0,
      0,
      0,
      0,
      0,
      0,
      0,
      0,
      0,
      0,
      0,
      0,
      0,
      0,
      0,
      0,
      0,
      0,
      0,
      0,
      0,
      0,
      0,
      0,
      0,
      0,
      0,
      0,
      0,
      0,
      0,
      0,
      0,
      0,
      0,
      0,
      0,
      0,
      0,
      0,
      0,
      0,
      0,
      0,
      0,
      0,
      0,
      0.08332220226204468,
      0,
      0,
      0,
      0,
      0,
      0,
      0,
      0.41661101131022343,
      0.08332220226204468,
      0.08332220226204468,
      0,
      0,
      0,
      0,
      0,
      0,
      0,
      0,
      0,
      0,
      0,
      0,
      0,
      0,
      0,
      0,
      0,
      0.05820369793934675,
      0.06481072879930119,
      0.07289708104232731,
      0,
      0,
      0,
      0,
      0,
      0,
      0,
      0.06481072879930119,
      0.06481072879930119,
      0,
      0,
      0.16664440452408935,
      0,
      0,
      0,
      0,
      0.06481072879930119,
      0.07289708104232731,
      0,
      0,
      0,
      0,
      0,
      0,
      0,
      0,
      0,
      0,
      0,
      0,
      0,
      0,
      0,
      0,
      0.06481072879930119,
      0,
      0,
      0,
      0,
      0,
      0,
      0,
      0.14579416208465462,
      0,
      0.08332220226204468,
      0,
      0,
      0,
      0.09801558536502525,
      0.1960311707300505,
      0.09801558536502525,
      0.09801558536502525,
      0.06481072879930119,
      0.09801558536502525,
      0.1960311707300505,
      0.16664440452408935,
      0.09801558536502525,
      0.09801558536502525,
      0.09801558536502525,
      0.09801558536502525,
      0.09801558536502525,
      0.1960311707300505,
      0.1960311707300505,
      0.09801558536502525,
      0.09801558536502525,
      0.09801558536502525,
      0.09801558536502525,
      0.09801558536502525,
      0.09801558536502525,
      0.1960311707300505,
      0.1960311707300505,
      0.09801558536502525,
      0.09801558536502525,
      0.09801558536502525,
      0.09801558536502525,
      0.09801558536502525,
      0.09801558536502525,
      0.09801558536502525,
      0.09801558536502525,
      0.09801558536502525,
      0.09801558536502525,
      0.09801558536502525,
      0.09801558536502525,
      0.1960311707300505,
      0.09801558536502525,
      0,
      0,
      0,
      0,
      0,
      0,
      0,
      0,
      0,
      0,
      0,
      0,
      0,
      0,
      0,
      0,
      0,
      0,
      0,
      0,
      0,
      0,
      0,
      0,
      0,
      0,
      0,
      0,
      0,
      0,
      0,
      0,
      0,
      0,
      0,
      0,
      0,
      0,
      0,
      0,
      0,
      0,
      0,
      0,
      0,
      0,
      0,
      0,
      0,
      0,
      0,
      0,
      0,
      0,
      0,
      0,
      0,
      0,
      0,
      0,
      0,
      0,
      0,
      0,
      0,
      0,
      0,
      0,
      0,
      0,
      0,
      0,
      0,
      0,
      0,
      0,
      0,
      0,
      0,
      0,
      0,
      0,
      0,
      0,
      0,
      0,
      0,
      0,
      0,
      0,
      0,
      0,
      0,
      0,
      0,
      0,
      0,
      0,
      0,
      0,
      0,
      0,
      0,
      0,
      0,
      0,
      0,
      0,
      0,
      0,
      0,
      0,
      0,
      0,
      0,
      0,
      0,
      0,
      0,
      0,
      0,
      0,
      0,
      0,
      0,
      0,
      0,
      0,
      0,
      0,
      0,
      0,
      0,
      0,
      0,
      0,
      0,
      0,
      0,
      0,
      0,
      0,
      0,
      0,
      0,
      0,
      0,
      0,
      0,
      0,
      0,
      0,
      0,
      0,
      0,
      0,
      0,
      0,
      0,
      0,
      0,
      0,
      0,
      0,
      0,
      0,
      0,
      0,
      0,
      0,
      0,
      0,
      0,
      0,
      0,
      0,
      0,
      0,
      0,
      0,
      0,
      0,
      0,
      0,
      0,
      0,
      0,
      0,
      0,
      0,
      0,
      0,
      0,
      0,
      0,
      0,
      0,
      0,
      0,
      0,
      0,
      0,
      0,
      0,
      0,
      0,
      0,
      0,
      0,
      0,
      0,
      0,
      0,
      0,
      0,
      0,
      0,
      0,
      0,
      0,
      0,
      0,
      0,
      0,
      0,
      0,
      0,
      0,
      0,
      0,
      0,
      0,
      0,
      0,
      0,
      0,
      0,
      0,
      0,
      0,
      0,
      0,
      0,
      0,
      0,
      0,
      0,
      0,
      0,
      0,
      0,
      0,
      0,
      0,
      0,
      0
    ],
    "text": "API速率限制测试 | 验证API在超过请求频率限制时返回429状态码 | 输入: {\"endpoint\":\"/api/v1/data\",\"requests\":150,\"perSecond\":1} | 期望: {\"rateLimited\":true,\"retryAfter\":60} | 标签: api rate-limit security throttling | 类别: function | 领域: api | 断言: 返回HTTP 429 Too Many Requests | 断言: Rate limit header归零",
    "name": "API速率限制测试",
    "category": "function",
    "tags": [
      "api",
      "rate-limit",
      "security",
      "throttling"
    ],
    "domain": "api"
  },
  {
    "caseId": "case_db_001",
    "vector": [
      0,
      0,
      0,
      0,
      0,
      0,
      0,
      0,
      0,
      0,
      0,
      0,
      0,
      0,
      0,
      0,
      0,
      0,
      0,
      0,
      0,
      0.03286700489310125,
      0.03286700489310125,
      0,
      0,
      0,
      0.05878123681419542,
      0,
      0,
      0,
      0,
      0,
      0,
      0.09544480433354657,
      0.09544480433354657,
      0.03286700489310125,
      0.03286700489310125,
      0.03286700489310125,
      0.03286700489310125,
      0.03286700489310125,
      0.03286700489310125,
      0.03286700489310125,
      0.03286700489310125,
      0.03286700489310125,
      0.03286700489310125,
      0.0657340097862025,
      0.0657340097862025,
      0,
      0,
      0,
      0,
      0,
      0,
      0,
      0,
      0,
      0,
      0,
      0,
      0.03286700489310125,
      0,
      0,
      0,
      0,
      0,
      0,
      0,
      0,
      0,
      0,
      0,
      0,
      0,
      0,
      0,
      0,
      0.09544480433354657,
      0,
      0.03286700489310125,
      0.035999565039092365,
      0.03286700489310125,
      0.03286700489310125,
      0.03286700489310125,
      0.03286700489310125,
      0.03286700489310125,
      0.03286700489310125,
      0.03286700489310125,
      0.03286700489310125,
      0.0657340097862025,
      0,
      0,
      0,
      0,
      0,
      0,
      0,
      0,
      0,
      0,
      0,
      0,
      0,
      0,
      0,
      0,
      0,
      0,
      0,
      0.05278887331493067,
      0,
      0,
      0,
      0,
      0,
      0,
      0,
      0,
      0,
      0,
      0,
      0,
      0,
      0,
      0,
      0,
      0,
      0,
      0,
      0,
      0,
      0,
      0,
      0,
      0,
      0,
      0,
      0,
      0,
      0,
      0,
      0,
      0,
      0,
      0,
      0,
      0,
      0,
      0,
      0,
      0.15114109018006744,
      0,
      0,
      0,
      0,
      0,
      0,
      0,
      0,
      0,
      0,
      0,
      0,
      0,
      0,
      0,
      0,
      0,
      0,
      0,
      0,
      0,
      0,
      0,
      0,
      0,
      0,
      0,
      0,
      0,
      0,
      0,
      0,
      0,
      0,
      0,
      0,
      0,
      0,
      0,
      0,
      0,
      0,
      0,
      0,
      0,
      0,
      0,
      0,
      0,
      0.15114109018006744,
      0,
      0,
      0,
      0.05278887331493067,
      0.05878123681419542,
      0.06611529700710354,
      0,
      0,
      0,
      0,
      0,
      0,
      0,
      0.05878123681419542,
      0.05878123681419542,
      0,
      0,
      0,
      0,
      0,
      0,
      0,
      0.05878123681419542,
      0.06611529700710354,
      0,
      0,
      0,
      0,
      0,
      0,
      0,
      0,
      0,
      0,
      0,
      0,
      0,
      0,
      0,
      0.06611529700710354,
      0.05878123681419542,
      0,
      0,
      0,
      0,
      0,
      0,
      0,
      0,
      0,
      0,
      0,
      0,
      0,
      0,
      0,
      0,
      0,
      0,
      0,
      0,
      0,
      0,
      0,
      0,
      0,
      0,
      0,
      0,
      0,
      0,
      0,
      0,
      0,
      0,
      0,
      0,
      0,
      0,
      0,
      0,
      0,
      0,
      0,
      0,
      0,
      0,
      0,
      0,
      0,
      0,
      0.0888969687822066,
      0.0888969687822066,
      0.0888969687822066,
      0.0888969687822066,
      0.1777939375644132,
      0.0888969687822066,
      0.0888969687822066,
      0.15114109018006744,
      0.0888969687822066,
      0.0888969687822066,
      0.0888969687822066,
      0.0888969687822066,
      0.15114109018006744,
      0.15114109018006744,
      0.15114109018006744,
      0.1777939375644132,
      0.1777939375644132,
      0.1777939375644132,
      0.07557054509003372,
      0.0888969687822066,
      0.0888969687822066,
      0.0888969687822066,
      0.06611529700710354,
      0.0888969687822066,
      0.07557054509003372,
      0.05878123681419542,
      0.0888969687822066,
      0.0888969687822066,
      0.0888969687822066,
      0.0888969687822066,
      0.0888969687822066,
      0.07557054509003372,
      0.0888969687822066,
      0.0888969687822066,
      0.15114109018006744,
      0.15114109018006744,
      0.1777939375644132,
      0.1777939375644132,
      0.1777939375644132,
      0.1777939375644132,
      0.1777939375644132,
      0.0888969687822066,
      0.06611529700710354,
      0.0888969687822066,
      0.0888969687822066,
      0.0888969687822066,
      0.0888969687822066,
      0.0888969687822066,
      0.0888969687822066,
      0.0888969687822066,
      0.0888969687822066,
      0.0888969687822066,
      0.0888969687822066,
      0.0888969687822066,
      0.0888969687822066,
      0.0888969687822066,
      0.07557054509003372,
      0.0888969687822066,
      0.0888969687822066,
      0.0888969687822066,
      0.0888969687822066,
      0.0888969687822066,
      0.0888969687822066,
      0.0888969687822066,
      0.0888969687822066,
      0.0888969687822066,
      0.1777939375644132,
      0.0888969687822066,
      0.07557054509003372,
      0,
      0,
      0,
      0,
      0,
      0,
      0,
      0,
      0,
      0,
      0,
      0,
      0,
      0,
      0,
      0,
      0,
      0,
      0,
      0,
      0,
      0,
      0,
      0,
      0,
      0,
      0,
      0,
      0,
      0,
      0,
      0,
      0,
      0,
      0,
      0,
      0,
      0,
      0,
      0,
      0,
      0,
      0,
      0,
      0,
      0,
      0,
      0,
      0,
      0,
      0,
      0,
      0,
      0,
      0,
      0,
      0,
      0,
      0,
      0,
      0,
      0,
      0,
      0,
      0,
      0,
      0,
      0,
      0,
      0,
      0,
      0,
      0,
      0,
      0,
      0,
      0,
      0,
      0,
      0,
      0,
      0,
      0,
      0,
      0,
      0,
      0,
      0,
      0,
      0,
      0,
      0,
      0,
      0,
      0,
      0,
      0,
      0,
      0,
      0,
      0,
      0,
      0,
      0,
      0,
      0,
      0,
      0,
      0,
      0,
      0,
      0,
      0,
      0,
      0,
      0,
      0,
      0,
      0,
      0,
      0,
      0,
      0,
      0,
      0,
      0,
      0,
      0,
      0,
      0,
      0,
      0,
      0,
      0,
      0,
      0,
      0,
      0,
      0,
      0,
      0,
      0,
      0,
      0,
      0,
      0,
      0,
      0,
      0,
      0,
      0,
      0,
      0,
      0,
      0,
      0,
      0,
      0,
      0,
      0,
      0,
      0,
      0,
      0,
      0,
      0,
      0,
      0,
      0,
      0,
      0,
      0,
      0,
      0,
      0,
      0,
      0,
      0,
      0,
      0,
      0,
      0,
      0,
      0,
      0,
      0,
      0
    ],
    "text": "数据库连接池耗尽测试 | 验证系统在数据库连接池耗尽时的优雅降级行为 | 输入: {\"maxConnections\":10,\"concurrentRequests\":20} | 期望: {\"behavior\":\"graceful_degradation\",\"queued\":10,\"rejected\":0} | 标签: database connection-pool resilience degradation | 类别: reliability | 领域: database | 断言: 系统没有崩溃 | 断言: 请求队列长度受控",
    "name": "数据库连接池耗尽测试",
    "category": "reliability",
    "tags": [
      "database",
      "connection-pool",
      "resilience",
      "degradation"
    ],
    "domain": "database"
  },
  {
    "caseId": "case_db_002",
    "vector": [
      0,
      0,
      0,
      0,
      0,
      0,
      0,
      0,
      0,
      0,
      0,
      0,
      0,
      0,
      0,
      0,
      0,
      0,
      0,
      0.1221237183442307,
      0,
      0.060709715150372774,
      0.060709715150372774,
      0,
      0,
      0,
      0,
      0,
      0.06106185917211535,
      0,
      0,
      0,
      0,
      0,
      0,
      0.030354857575186387,
      0.030354857575186387,
      0.030354857575186387,
      0.030354857575186387,
      0.030354857575186387,
      0.030354857575186387,
      0.030354857575186387,
      0.060709715150372774,
      0.030354857575186387,
      0.030354857575186387,
      0.060709715150372774,
      0.060709715150372774,
      0,
      0,
      0,
      0,
      0,
      0,
      0,
      0,
      0,
      0,
      0,
      0,
      0.060709715150372774,
      0,
      0,
      0,
      0,
      0,
      0,
      0,
      0,
      0,
      0,
      0,
      0,
      0,
      0,
      0,
      0,
      0,
      0,
      0.030354857575186387,
      0.03324798450861208,
      0.030354857575186387,
      0.030354857575186387,
      0.030354857575186387,
      0.030354857575186387,
      0.030354857575186387,
      0.030354857575186387,
      0.030354857575186387,
      0.030354857575186387,
      0.060709715150372774,
      0,
      0,
      0,
      0,
      0,
      0,
      0,
      0,
      0,
      0,
      0,
      0,
      0,
      0,
      0,
      0,
      0,
      0,
      0,
      0,
      0,
      0,
      0,
      0,
      0,
      0,
      0,
      0,
      0,
      0,
      0,
      0,
      0,
      0,
      0,
      0,
      0,
      0,
      0,
      0,
      0,
      0,
      0,
      0,
      0,
      0,
      0,
      0,
      0,
      0,
      0,
      0,
      0,
      0,
      0,
      0,
      0,
      0,
      0,
      0,
      0,
      0,
      0,
      0,
      0,
      0.05428836845315122,
      0,
      0,
      0,
      0,
      0,
      0,
      0,
      0,
      0,
      0,
      0,
      0,
      0,
      0,
      0,
      0,
      0,
      0,
      0,
      0,
      0,
      0,
      0,
      0,
      0,
      0,
      0,
      0,
      0,
      0,
      0,
      0,
      0,
      0,
      0,
      0,
      0,
      0,
      0,
      0,
      0,
      0.06979440750832361,
      0,
      0,
      0,
      0,
      0,
      0,
      0.04875402356378447,
      0,
      0,
      0,
      0,
      0,
      0,
      0,
      0,
      0,
      0,
      0,
      0,
      0,
      0,
      0,
      0,
      0,
      0,
      0,
      0,
      0,
      0,
      0,
      0,
      0,
      0,
      0,
      0,
      0,
      0,
      0,
      0,
      0,
      0,
      0,
      0,
      0,
      0,
      0,
      0,
      0,
      0,
      0,
      0,
      0,
      0,
      0,
      0,
      0,
      0,
      0,
      0,
      0,
      0,
      0.05428836845315122,
      0,
      0,
      0.06979440750832361,
      0,
      0,
      0,
      0,
      0,
      0,
      0,
      0,
      0,
      0,
      0,
      0,
      0,
      0,
      0,
      0,
      0,
      0,
      0,
      0,
      0,
      0,
      0,
      0,
      0,
      0,
      0,
      0,
      0,
      0,
      0,
      0,
      0,
      0,
      0,
      0,
      0.13958881501664722,
      0,
      0,
      0,
      0,
      0.06979440750832361,
      0.06979440750832361,
      0.06979440750832361,
      0,
      0,
      0,
      0.20938322252497082,
      0,
      0,
      0,
      0,
      0,
      0,
      0,
      0,
      0,
      0,
      0,
      0,
      0,
      0,
      0,
      0.06979440750832361,
      0.06979440750832361,
      0,
      0,
      0,
      0,
      0,
      0,
      0,
      0,
      0,
      0,
      0,
      0,
      0,
      0,
      0,
      0,
      0,
      0,
      0,
      0,
      0,
      0,
      0,
      0,
      0,
      0,
      0,
      0,
      0,
      0,
      0,
      0,
      0,
      0.20938322252497082,
      0.0821022431166545,
      0.0821022431166545,
      0.0821022431166545,
      0.0821022431166545,
      0.0821022431166545,
      0.0821022431166545,
      0.0821022431166545,
      0.0821022431166545,
      0.0821022431166545,
      0.0821022431166545,
      0.0821022431166545,
      0.0821022431166545,
      0.0821022431166545,
      0.0821022431166545,
      0.0821022431166545,
      0.0821022431166545,
      0.24630672934996348,
      0.24630672934996348,
      0.24630672934996348,
      0.164204486233309,
      0.0821022431166545,
      0.0821022431166545,
      0.0821022431166545,
      0.164204486233309,
      0.164204486233309,
      0.13958881501664722,
      0.06979440750832361,
      0.0821022431166545,
      0.0821022431166545,
      0.24630672934996348,
      0.0821022431166545,
      0.24630672934996348,
      0.0821022431166545,
      0.06979440750832361,
      0.0821022431166545,
      0.164204486233309,
      0.0821022431166545,
      0.0821022431166545,
      0.0821022431166545,
      0.0821022431166545,
      0.0821022431166545,
      0.0821022431166545,
      0.0821022431166545,
      0.164204486233309,
      0.164204486233309,
      0.0821022431166545,
      0.13958881501664722,
      0.0821022431166545,
      0.0821022431166545,
      0.0821022431166545,
      0.0821022431166545,
      0.0821022431166545,
      0.0821022431166545,
      0.06979440750832361,
      0.0821022431166545,
      0.0821022431166545,
      0,
      0,
      0,
      0,
      0,
      0,
      0,
      0,
      0,
      0,
      0,
      0,
      0,
      0,
      0,
      0,
      0,
      0,
      0,
      0,
      0,
      0,
      0,
      0,
      0,
      0,
      0,
      0,
      0,
      0,
      0,
      0,
      0,
      0,
      0,
      0,
      0,
      0,
      0,
      0,
      0,
      0,
      0,
      0,
      0,
      0,
      0,
      0,
      0,
      0,
      0,
      0,
      0,
      0,
      0,
      0,
      0,
      0,
      0,
      0,
      0,
      0,
      0,
      0,
      0,
      0,
      0,
      0,
      0,
      0,
      0,
      0,
      0,
      0,
      0,
      0,
      0,
      0,
      0,
      0,
      0,
      0,
      0,
      0,
      0,
      0,
      0,
      0,
      0,
      0,
      0,
      0,
      0,
      0,
      0,
      0,
      0,
      0,
      0,
      0,
      0,
      0,
      0,
      0,
      0,
      0,
      0,
      0,
      0,
      0,
      0,
      0,
      0,
      0,
      0,
      0,
      0,
      0,
      0,
      0,
      0,
      0,
      0,
      0,
      0,
      0,
      0,
      0,
      0,
      0
    ],
    "text": "数据库查询优化验证 | 验证慢查询被自动识别和优化建议生成 | 输入: {\"query\":\"SELECT * FROM large_table WHERE unindexed_column = 'value'\",\"threshold\":1000} | 期望: {\"detected\":true,\"suggestions\":[\"add_index\",\"limit_columns\"]} | 标签: database query optimization slow-query | 类别: performance | 领域: database | 断言: 检测到慢查询 | 断言: 生成优化建议",
    "name": "数据库查询优化验证",
    "category": "performance",
    "tags": [
      "database",
      "query",
      "optimization",
      "slow-query"
    ],
    "domain": "database"
  },
  {
    "caseId": "case_security_001",
    "vector": [
      0.0712509559987506,
      0,
      0.0712509559987506,
      0,
      0,
      0,
      0,
      0,
      0,
      0,
      0,
      0,
      0,
      0,
      0,
      0,
      0,
      0,
      0,
      0.08014084720244996,
      0,
      0.039839337284640834,
      0.039839337284640834,
      0,
      0,
      0,
      0,
      0,
      0,
      0,
      0,
      0,
      0,
      0.05784612507708062,
      0.05784612507708062,
      0.039839337284640834,
      0.11951801185392251,
      0.039839337284640834,
      0.039839337284640834,
      0.039839337284640834,
      0.039839337284640834,
      0.039839337284640834,
      0.039839337284640834,
      0.039839337284640834,
      0.039839337284640834,
      0.07967867456928167,
      0.07967867456928167,
      0,
      0,
      0,
      0,
      0,
      0,
      0,
      0,
      0,
      0,
      0,
      0,
      0.039839337284640834,
      0,
      0,
      0,
      0,
      0,
      0,
      0,
      0,
      0,
      0,
      0,
      0,
      0,
      0,
      0,
      0,
      0.05784612507708062,
      0,
      0.039839337284640834,
      0.04363643168452511,
      0.039839337284640834,
      0.039839337284640834,
      0.039839337284640834,
      0.039839337284640834,
      0.039839337284640834,
      0.039839337284640834,
      0.039839337284640834,
      0.039839337284640834,
      0.07967867456928167,
      0,
      0,
      0,
      0,
      0,
      0,
      0,
      0,
      0,
      0,
      0,
      0,
      0,
      0,
      0.19196215801012634,
      0,
      0,
      0,
      0,
      0,
      0,
      0,
      0,
      0,
      0,
      0,
      0,
      0,
      0,
      0,
      0,
      0,
      0,
      0,
      0,
      0,
      0,
      0,
      0,
      0,
      0,
      0,
      0,
      0,
      0,
      0,
      0,
      0,
      0,
      0,
      0,
      0,
      0,
      0,
      0,
      0,
      0,
      0,
      0,
      0,
      0,
      0,
      0,
      0,
      0,
      0.0712509559987506,
      0,
      0,
      0,
      0,
      0,
      0,
      0,
      0,
      0,
      0,
      0,
      0,
      0,
      0,
      0,
      0,
      0,
      0,
      0,
      0,
      0,
      0,
      0,
      0,
      0,
      0,
      0,
      0,
      0,
      0,
      0,
      0,
      0,
      0,
      0,
      0,
      0,
      0,
      0,
      0,
      0,
      0,
      0,
      0,
      0,
      0,
      0,
      0.0712509559987506,
      0,
      0,
      0,
      0,
      0,
      0,
      0,
      0,
      0,
      0,
      0.0712509559987506,
      0.0712509559987506,
      0,
      0,
      0,
      0,
      0,
      0,
      0,
      0,
      0,
      0,
      0,
      0,
      0,
      0,
      0,
      0,
      0,
      0,
      0,
      0,
      0,
      0,
      0,
      0,
      0.08014084720244996,
      0.0712509559987506,
      0,
      0,
      0,
      0,
      0,
      0,
      0,
      0.16028169440489992,
      0,
      0,
      0,
      0,
      0,
      0,
      0,
      0,
      0,
      0.1425019119975012,
      0,
      0,
      0,
      0,
      0,
      0,
      0,
      0,
      0,
      0,
      0,
      0,
      0,
      0,
      0,
      0,
      0,
      0,
      0,
      0,
      0,
      0,
      0,
      0,
      0,
      0,
      0,
      0,
      0,
      0,
      0,
      0,
      0,
      0,
      0,
      0,
      0,
      0,
      0,
      0,
      0,
      0,
      0,
      0,
      0,
      0,
      0,
      0,
      0,
      0,
      0,
      0,
      0,
      0,
      0,
      0,
      0,
      0.0712509559987506,
      0,
      0,
      0,
      0,
      0,
      0,
      0,
      0,
      0,
      0,
      0,
      0,
      0,
      0,
      0,
      0,
      0.08014084720244996,
      0,
      0,
      0,
      0,
      0,
      0,
      0,
      0,
      0,
      0,
      0,
      0,
      0,
      0,
      0,
      0,
      0,
      0,
      0,
      0,
      0,
      0,
      0,
      0,
      0,
      0,
      0,
      0,
      0,
      0,
      0,
      0,
      0,
      0,
      0,
      0,
      0,
      0,
      0,
      0,
      0,
      0,
      0,
      0,
      0,
      0,
      0,
      0,
      0,
      0,
      0,
      0,
      0.09160191031760094,
      0,
      0,
      0,
      0,
      0,
      0,
      0,
      0,
      0,
      0,
      0,
      0,
      0,
      0,
      0,
      0,
      0,
      0,
      0,
      0,
      0.09160191031760094,
      0,
      0,
      0,
      0,
      0,
      0,
      0.09160191031760094,
      0,
      0,
      0.3232661145500264,
      0.10775537151667547,
      0.10775537151667547,
      0.10775537151667547,
      0.10775537151667547,
      0.10775537151667547,
      0.10775537151667547,
      0.09160191031760094,
      0.10775537151667547,
      0.21551074303335094,
      0.18320382063520188,
      0.18320382063520188,
      0.18320382063520188,
      0.09160191031760094,
      0.08014084720244996,
      0.09160191031760094,
      0.09160191031760094,
      0.10775537151667547,
      0.10775537151667547,
      0.10775537151667547,
      0.10775537151667547,
      0.10775537151667547,
      0.10775537151667547,
      0.21551074303335094,
      0.21551074303335094,
      0.18320382063520188,
      0.09160191031760094,
      0.09160191031760094,
      0.09160191031760094,
      0.08014084720244996,
      0.08014084720244996,
      0.09160191031760094,
      0.09160191031760094,
      0.09160191031760094,
      0.09160191031760094,
      0.10775537151667547,
      0.09160191031760094,
      0.10775537151667547,
      0.10775537151667547,
      0.10775537151667547,
      0.10775537151667547,
      0.10775537151667547,
      0.10775537151667547,
      0.10775537151667547,
      0.10775537151667547,
      0,
      0,
      0,
      0,
      0,
      0,
      0,
      0,
      0,
      0,
      0,
      0,
      0,
      0,
      0,
      0,
      0,
      0,
      0,
      0,
      0,
      0,
      0,
      0,
      0,
      0,
      0,
      0,
      0,
      0,
      0,
      0,
      0,
      0,
      0,
      0,
      0,
      0,
      0,
      0,
      0,
      0,
      0,
      0,
      0,
      0,
      0,
      0,
      0,
      0,
      0,
      0,
      0,
      0,
      0,
      0,
      0,
      0,
      0,
      0,
      0,
      0,
      0,
      0,
      0,
      0,
      0,
      0,
      0,
      0,
      0,
      0,
      0,
      0,
      0,
      0,
      0,
      0,
      0,
      0,
      0,
      0,
      0,
      0,
      0
    ],
    "text": "SQL注入攻击防护 | 验证系统能够有效防御SQL注入攻击 | 输入: {\"username\":\"admin' OR '1'='1\",\"password\":\"anything\"} | 期望: {\"blocked\":true,\"logGenerated\":true} | 标签: security sql-injection xss protection | 类别: security | 领域: security | 断言: 请求被拦截 | 断言: 生成安全告警",
    "name": "SQL注入攻击防护",
    "category": "security",
    "tags": [
      "security",
      "sql-injection",
      "xss",
      "protection"
    ],
    "domain": "security"
  },
  {
    "caseId": "case_security_002",
    "vector": [
      0,
      0,
      0,
      0,
      0,
      0,
      0,
      0,
      0,
      0,
      0,
      0,
      0,
      0,
      0,
      0,
      0,
      0,
      0,
      0,
      0,
      0.038672007639287506,
      0.038672007639287506,
      0,
      0,
      0,
      0,
      0,
      0,
      0,
      0,
      0,
      0,
      0.05615117979752333,
      0.05615117979752333,
      0.038672007639287506,
      0.038672007639287506,
      0.038672007639287506,
      0.038672007639287506,
      0.07734401527857501,
      0.07734401527857501,
      0.038672007639287506,
      0.038672007639287506,
      0.038672007639287506,
      0.038672007639287506,
      0.07734401527857501,
      0.07734401527857501,
      0,
      0,
      0,
      0,
      0,
      0,
      0,
      0,
      0,
      0,
      0,
      0,
      0.038672007639287506,
      0,
      0,
      0,
      0,
      0,
      0,
      0,
      0,
      0,
      0,
      0,
      0,
      0,
      0,
      0,
      0,
      0.05615117979752333,
      0,
      0.038672007639287506,
      0.04235784364078223,
      0.038672007639287506,
      0.038672007639287506,
      0.07734401527857501,
      0.038672007639287506,
      0.038672007639287506,
      0.038672007639287506,
      0.038672007639287506,
      0.038672007639287506,
      0.07734401527857501,
      0,
      0,
      0,
      0,
      0,
      0,
      0,
      0,
      0,
      0,
      0,
      0,
      0,
      0,
      0.18633748819621326,
      0,
      0,
      0,
      0,
      0,
      0,
      0,
      0,
      0,
      0,
      0,
      0,
      0,
      0,
      0,
      0,
      0,
      0,
      0,
      0,
      0,
      0,
      0,
      0,
      0,
      0,
      0,
      0,
      0,
      0,
      0,
      0,
      0,
      0,
      0,
      0,
      0,
      0,
      0,
      0,
      0,
      0,
      0,
      0,
      0,
      0,
      0,
      0,
      0,
      0,
      0.06916323670254702,
      0,
      0,
      0,
      0,
      0,
      0,
      0,
      0,
      0,
      0,
      0,
      0,
      0,
      0,
      0,
      0,
      0,
      0,
      0,
      0,
      0,
      0,
      0,
      0,
      0,
      0,
      0,
      0,
      0,
      0,
      0,
      0,
      0,
      0,
      0,
      0,
      0,
      0,
      0,
      0,
      0,
      0,
      0,
      0,
      0,
      0,
      0,
      0.06916323670254702,
      0,
      0,
      0,
      0,
      0,
      0,
      0,
      0,
      0,
      0,
      0,
      0,
      0,
      0,
      0,
      0,
      0,
      0,
      0,
      0,
      0,
      0,
      0,
      0,
      0,
      0,
      0,
      0,
      0,
      0,
      0,
      0,
      0,
      0,
      0,
      0,
      0,
      0,
      0,
      0,
      0,
      0,
      0,
      0,
      0,
      0,
      0,
      0,
      0,
      0,
      0,
      0,
      0,
      0,
      0,
      0.13832647340509405,
      0,
      0,
      0,
      0,
      0,
      0,
      0,
      0,
      0,
      0,
      0,
      0,
      0,
      0,
      0,
      0,
      0,
      0,
      0,
      0,
      0,
      0,
      0,
      0,
      0,
      0,
      0,
      0,
      0,
      0,
      0,
      0,
      0,
      0,
      0,
      0,
      0,
      0,
      0,
      0,
      0,
      0,
      0,
      0,
      0,
      0,
      0,
      0,
      0,
      0,
      0,
      0,
      0,
      0,
      0.0777926458236279,
      0,
      0.0889178891271692,
      0.13832647340509405,
      0,
      0,
      0,
      0,
      0,
      0,
      0,
      0,
      0,
      0,
      0,
      0,
      0,
      0,
      0,
      0,
      0.0777926458236279,
      0,
      0,
      0,
      0,
      0,
      0,
      0,
      0,
      0,
      0,
      0,
      0,
      0,
      0.0889178891271692,
      0,
      0,
      0,
      0,
      0,
      0,
      0,
      0,
      0,
      0,
      0,
      0,
      0,
      0,
      0,
      0,
      0,
      0,
      0,
      0,
      0,
      0,
      0,
      0,
      0,
      0,
      0,
      0,
      0,
      0,
      0,
      0,
      0,
      0,
      0,
      0,
      0,
      0,
      0,
      0,
      0,
      0,
      0,
      0,
      0,
      0,
      0,
      0,
      0,
      0,
      0,
      0,
      0,
      0,
      0,
      0,
      0,
      0,
      0,
      0,
      0,
      0,
      0,
      0,
      0,
      0,
      0,
      0,
      0,
      0,
      0,
      0,
      0,
      0,
      0,
      0,
      0.26675366738150763,
      0,
      0,
      0.1778357782543384,
      0.1778357782543384,
      0.1778357782543384,
      0.0889178891271692,
      0.0777926458236279,
      0.0889178891271692,
      0.0889178891271692,
      0,
      0,
      0,
      0,
      0,
      0,
      0,
      0,
      0.1778357782543384,
      0.0889178891271692,
      0.0889178891271692,
      0.0889178891271692,
      0.0777926458236279,
      0.0777926458236279,
      0.0889178891271692,
      0.0889178891271692,
      0.0889178891271692,
      0.0889178891271692,
      0,
      0.0889178891271692,
      0,
      0,
      0,
      0,
      0,
      0,
      0,
      0,
      0.1045980388853927,
      0.2091960777707854,
      0.1045980388853927,
      0.1045980388853927,
      0.1045980388853927,
      0.1045980388853927,
      0.1045980388853927,
      0.1045980388853927,
      0.1045980388853927,
      0.1045980388853927,
      0.2091960777707854,
      0.2091960777707854,
      0.1045980388853927,
      0.1045980388853927,
      0.1045980388853927,
      0.1045980388853927,
      0.0889178891271692,
      0.1045980388853927,
      0.1045980388853927,
      0.1045980388853927,
      0.1045980388853927,
      0.2091960777707854,
      0.1045980388853927,
      0.1045980388853927,
      0.1045980388853927,
      0.1045980388853927,
      0.1045980388853927,
      0.1045980388853927,
      0.1045980388853927,
      0.1045980388853927,
      0.1045980388853927,
      0.1045980388853927,
      0.1045980388853927,
      0.1045980388853927,
      0.1045980388853927,
      0,
      0,
      0,
      0,
      0,
      0,
      0,
      0,
      0,
      0,
      0,
      0,
      0,
      0,
      0,
      0,
      0,
      0,
      0,
      0,
      0,
      0,
      0,
      0,
      0,
      0,
      0,
      0,
      0,
      0,
      0,
      0,
      0,
      0,
      0,
      0,
      0,
      0,
      0,
      0,
      0,
      0,
      0,
      0,
      0,
      0,
      0,
      0,
      0,
      0
    ],
    "text": "XSS攻击防护 | 验证系统能够有效防御跨站脚本攻击 | 输入: {\"comment\":\"<script>alert('xss')</script>\"} | 期望: {\"sanitized\":true,\"scriptRemoved\":true} | 标签: security xss input-sanitization | 类别: security | 领域: security | 断言: 脚本标签被移除或转义 | 断言: 没有执行JavaScript",
    "name": "XSS攻击防护",
    "category": "security",
    "tags": [
      "security",
      "xss",
      "input-sanitization"
    ],
    "domain": "security"
  },
  {
    "caseId": "case_feature_001",
    "vector": [
      0,
      0,
      0,
      0,
      0,
      0,
      0,
      0,
      0,
      0,
      0,
      0,
      0.04988308241256273,
      0,
      0,
      0.05554559315600212,
      0.05554559315600212,
      0.05554559315600212,
      0.05554559315600212,
      0,
      0.07141072525263066,
      0.06211564713478959,
      0.06211564713478959,
      0,
      0.07141072525263066,
      0.07141072525263066,
      0,
      0,
      0,
      0,
      0,
      0,
      0,
      0.04509549779569377,
      0.04509549779569377,
      0.031057823567394796,
      0.031057823567394796,
      0.031057823567394796,
      0.031057823567394796,
      0.031057823567394796,
      0.031057823567394796,
      0.031057823567394796,
      0.031057823567394796,
      0.031057823567394796,
      0.031057823567394796,
      0.06211564713478959,
      0.06211564713478959,
      0.04988308241256273,
      0.04988308241256273,
      0,
      0,
      0,
      0,
      0.05554559315600212,
      0.05554559315600212,
      0.05554559315600212,
      0,
      0,
      0,
      0.06211564713478959,
      0,
      0,
      0,
      0,
      0.07141072525263066,
      0,
      0,
      0,
      0,
      0,
      0,
      0,
      0,
      0,
      0,
      0,
      0.04509549779569377,
      0,
      0.031057823567394796,
      0,
      0.031057823567394796,
      0.031057823567394796,
      0.031057823567394796,
      0.031057823567394796,
      0.031057823567394796,
      0.031057823567394796,
      0.031057823567394796,
      0.031057823567394796,
      0.06211564713478959,
      0.04988308241256273,
      0.04988308241256273,
      0,
      0,
      0,
      0,
      0,
      0,
      0,
      0,
      0,
      0,
      0,
      0,
      0,
      0,
      0,
      0,
      0,
      0,
      0,
      0,
      0,
      0,
      0,
      0,
      0,
      0,
      0,
      0,
      0,
      0,
      0,
      0,
      0,
      0,
      0,
      0,
      0,
      0,
      0,
      0,
      0,
      0,
      0,
      0,
      0,
      0,
      0,
      0,
      0,
      0,
      0,
      0,
      0,
      0,
      0,
      0,
      0,
      0,
      0,
      0,
      0,
      0,
      0,
      0,
      0,
      0,
      0,
      0,
      0,
      0,
      0,
      0,
      0,
      0,
      0,
      0,
      0,
      0,
      0,
      0,
      0,
      0,
      0,
      0,
      0,
      0,
      0,
      0,
      0,
      0.35705362626315323,
      0,
      0,
      0,
      0,
      0,
      0,
      0,
      0,
      0,
      0,
      0,
      0,
      0,
      0,
      0,
      0,
      0,
      0,
      0,
      0,
      0,
      0.11109118631200424,
      0.04988308241256273,
      0.05554559315600212,
      0,
      0,
      0,
      0,
      0,
      0,
      0,
      0,
      0,
      0,
      0,
      0.07141072525263066,
      0,
      0,
      0,
      0,
      0,
      0.05554559315600212,
      0,
      0,
      0,
      0,
      0,
      0,
      0,
      0,
      0,
      0,
      0,
      0,
      0,
      0,
      0,
      0,
      0,
      0,
      0,
      0,
      0,
      0,
      0,
      0,
      0,
      0,
      0,
      0,
      0,
      0,
      0,
      0,
      0,
      0,
      0,
      0,
      0,
      0,
      0,
      0,
      0,
      0,
      0,
      0,
      0,
      0,
      0,
      0,
      0,
      0,
      0,
      0,
      0,
      0,
      0,
      0,
      0,
      0,
      0,
      0,
      0,
      0,
      0,
      0,
      0,
      0,
      0,
      0,
      0,
      0,
      0,
      0,
      0,
      0,
      0,
      0,
      0,
      0,
      0,
      0,
      0,
      0,
      0,
      0,
      0,
      0,
      0,
      0,
      0,
      0,
      0.06247594620292075,
      0,
      0,
      0.05554559315600212,
      0,
      0,
      0,
      0,
      0,
      0.14282145050526132,
      0,
      0,
      0,
      0,
      0,
      0,
      0,
      0,
      0,
      0,
      0,
      0,
      0,
      0,
      0,
      0,
      0,
      0,
      0,
      0,
      0,
      0,
      0,
      0,
      0,
      0,
      0,
      0,
      0,
      0,
      0,
      0,
      0,
      0,
      0,
      0,
      0.14282145050526132,
      0.07141072525263066,
      0,
      0,
      0,
      0,
      0,
      0,
      0,
      0,
      0,
      0,
      0,
      0,
      0,
      0,
      0,
      0,
      0,
      0,
      0,
      0,
      0,
      0,
      0,
      0,
      0,
      0,
      0.14282145050526132,
      0,
      0,
      0,
      0,
      0,
      0,
      0.07141072525263066,
      0,
      0,
      0,
      0,
      0,
      0,
      0,
      0,
      0,
      0,
      0,
      0,
      0,
      0,
      0,
      0,
      0,
      0,
      0,
      0,
      0,
      0,
      0,
      0,
      0,
      0,
      0,
      0,
      0,
      0,
      0,
      0,
      0,
      0,
      0,
      0,
      0.06247594620292075,
      0,
      0,
      0,
      0,
      0,
      0,
      0,
      0,
      0,
      0,
      0,
      0,
      0,
      0,
      0.06247594620292075,
      0.06247594620292075,
      0,
      0,
      0,
      0,
      0,
      0,
      0,
      0,
      0,
      0,
      0,
      0,
      0,
      0,
      0,
      0,
      0,
      0,
      0,
      0,
      0,
      0,
      0,
      0,
      0,
      0,
      0,
      0,
      0,
      0,
      0.07141072525263066,
      0,
      0,
      0,
      0,
      0,
      0,
      0,
      0,
      0,
      0,
      0,
      0,
      0,
      0,
      0,
      0,
      0,
      0,
      0.08400358904298867,
      0.08400358904298867,
      0.08400358904298867,
      0.16800717808597734,
      0.08400358904298867,
      0.16800717808597734,
      0.08400358904298867,
      0.16800717808597734,
      0.16800717808597734,
      0.16800717808597734,
      0.08400358904298867,
      0.08400358904298867,
      0.16800717808597734,
      0.16800717808597734,
      0.08400358904298867,
      0.16800717808597734,
      0.16800717808597734,
      0.08400358904298867,
      0.08400358904298867,
      0.16800717808597734,
      0.08400358904298867,
      0.16800717808597734,
      0.08400358904298867,
      0.08400358904298867,
      0.08400358904298867,
      0.08400358904298867,
      0.08400358904298867,
      0.08400358904298867,
      0.08400358904298867,
      0.08400358904298867,
      0.08400358904298867,
      0.08400358904298867,
      0.08400358904298867,
      0.16800717808597734,
      0.16800717808597734,
      0.08400358904298867,
      0.08400358904298867,
      0.08400358904298867,
      0.08400358904298867,
      0.08400358904298867,
      0.08400358904298867,
      0.08400358904298867,
      0.16800717808597734,
      0.08400358904298867,
      0.08400358904298867,
      0.08400358904298867,
      0.08400358904298867,
      0.08400358904298867,
      0.08400358904298867,
      0.08400358904298867
    ],
    "text": "向量检索功能验证 | 验证向量系统能够正确进行语义相似度检索 | 输入: {\"query\":\"测试用户登录\",\"topK\":5} | 期望: {\"results\":5,\"minSimilarity\":0.5} | 标签: vector semantic search ai | 类别: function | 领域: vector-search | 断言: 返回5个结果 | 断言: 所有结果相似度大于0.5",
    "name": "向量检索功能验证",
    "category": "function",
    "tags": [
      "vector",
      "semantic",
      "search",
      "ai"
    ],
    "domain": "vector-search"
  }
]